{
 "cells": [
  {
   "cell_type": "code",
   "execution_count": 1,
   "id": "22d15d20-c058-4ff5-9a00-a26b835b60a0",
   "metadata": {},
   "outputs": [],
   "source": [
    "import pandas as pd\n",
    "import numpy as np"
   ]
  },
  {
   "cell_type": "code",
   "execution_count": 2,
   "id": "73fc884f-1c5a-4cbc-bed9-de9abe5f28db",
   "metadata": {},
   "outputs": [],
   "source": [
    "# Load your dataset\n",
    "data = pd.read_csv('Historical_dataset_for_correlation_30112024.csv')"
   ]
  },
  {
   "cell_type": "code",
   "execution_count": 3,
   "id": "3cac869d-2436-496c-a984-1fd35268e22a",
   "metadata": {},
   "outputs": [],
   "source": [
    "# Calculate the correlation matrix\n",
    "correlation_matrix = data.corr()"
   ]
  },
  {
   "cell_type": "code",
   "execution_count": 4,
   "id": "dbbf1c6a-532c-43fb-b36d-42adc227ba82",
   "metadata": {},
   "outputs": [
    {
     "name": "stdout",
     "output_type": "stream",
     "text": [
      "Correlation Matrix:\n",
      "           C1        C2        C3        C4        C5        C6        C7  \\\n",
      "C1   1.000000 -0.197847 -0.032664  0.142469  0.002897 -0.147678  0.082305   \n",
      "C2  -0.197847  1.000000 -0.179951 -0.404076  0.165804  0.335176  0.277074   \n",
      "C3  -0.032664 -0.179951  1.000000  0.304106  0.246121 -0.094716  0.030666   \n",
      "C4   0.142469 -0.404076  0.304106  1.000000  0.252085 -0.159950 -0.341885   \n",
      "C5   0.002897  0.165804  0.246121  0.252085  1.000000 -0.031895  0.150896   \n",
      "C6  -0.147678  0.335176 -0.094716 -0.159950 -0.031895  1.000000 -0.059399   \n",
      "C7   0.082305  0.277074  0.030666 -0.341885  0.150896 -0.059399  1.000000   \n",
      "C8   0.036296  0.167725 -0.124210 -0.295633  0.041177  0.013712 -0.010571   \n",
      "C9  -0.135328  0.118581 -0.259303 -0.400931 -0.289640  0.114049  0.064125   \n",
      "C10  0.055008 -0.069702 -0.169742  0.000927  0.011872 -0.033276  0.048767   \n",
      "C11  0.267772  0.015127 -0.046755 -0.072537  0.074808  0.026893 -0.097545   \n",
      "C12  0.273992  0.021892 -0.196925 -0.056978  0.032351  0.036713 -0.055428   \n",
      "C13  0.064343  0.157147  0.098110  0.115074  0.033088  0.208367  0.201860   \n",
      "C14 -0.163935  0.050629  0.214631  0.072403 -0.180403  0.254361  0.017181   \n",
      "C15 -0.072260  0.167264  0.025129 -0.088739  0.023014  0.100341  0.035892   \n",
      "C16  0.030652  0.121319 -0.030867 -0.066548 -0.035701  0.052866 -0.131660   \n",
      "C17  0.180718  0.059076  0.100873  0.211156  0.320297  0.041674  0.049391   \n",
      "C18 -0.000050 -0.216603  0.195209  0.339473  0.101518 -0.008443 -0.109819   \n",
      "C19 -0.087332  0.032055  0.190965 -0.049785 -0.037014  0.116607 -0.097203   \n",
      "C20 -0.149165 -0.058160  0.225146  0.046399 -0.061310  0.038168 -0.074547   \n",
      "C21  0.294157  0.019138 -0.040649 -0.053553  0.105097  0.018848 -0.089549   \n",
      "\n",
      "           C8        C9       C10  ...       C12       C13       C14  \\\n",
      "C1   0.036296 -0.135328  0.055008  ...  0.273992  0.064343 -0.163935   \n",
      "C2   0.167725  0.118581 -0.069702  ...  0.021892  0.157147  0.050629   \n",
      "C3  -0.124210 -0.259303 -0.169742  ... -0.196925  0.098110  0.214631   \n",
      "C4  -0.295633 -0.400931  0.000927  ... -0.056978  0.115074  0.072403   \n",
      "C5   0.041177 -0.289640  0.011872  ...  0.032351  0.033088 -0.180403   \n",
      "C6   0.013712  0.114049 -0.033276  ...  0.036713  0.208367  0.254361   \n",
      "C7  -0.010571  0.064125  0.048767  ... -0.055428  0.201860  0.017181   \n",
      "C8   1.000000  0.064900  0.515659  ...  0.097299  0.072531  0.052722   \n",
      "C9   0.064900  1.000000  0.101651  ... -0.000241  0.026840  0.007860   \n",
      "C10  0.515659  0.101651  1.000000  ...  0.037971  0.121571  0.031668   \n",
      "C11  0.065620 -0.210118  0.097311  ...  0.129563 -0.216880 -0.130262   \n",
      "C12  0.097299 -0.000241  0.037971  ...  1.000000 -0.040452  0.056864   \n",
      "C13  0.072531  0.026840  0.121571  ... -0.040452  1.000000  0.182149   \n",
      "C14  0.052722  0.007860  0.031668  ...  0.056864  0.182149  1.000000   \n",
      "C15 -0.082228  0.174820 -0.184460  ...  0.076450 -0.186724  0.047367   \n",
      "C16  0.027376  0.133064 -0.042338  ...  0.186336  0.024806 -0.093589   \n",
      "C17 -0.026634 -0.420348  0.026613  ... -0.148804 -0.022031 -0.288433   \n",
      "C18  0.006424 -0.317807 -0.005010  ... -0.173123  0.130141 -0.300831   \n",
      "C19  0.060906 -0.091058  0.151477  ...  0.072059 -0.076651  0.271613   \n",
      "C20  0.211985  0.008413  0.054951  ...  0.162806 -0.093881  0.471739   \n",
      "C21 -0.079461 -0.115977  0.009644  ...  0.392573 -0.170925 -0.095399   \n",
      "\n",
      "          C15       C16       C17       C18       C19       C20       C21  \n",
      "C1  -0.072260  0.030652  0.180718 -0.000050 -0.087332 -0.149165  0.294157  \n",
      "C2   0.167264  0.121319  0.059076 -0.216603  0.032055 -0.058160  0.019138  \n",
      "C3   0.025129 -0.030867  0.100873  0.195209  0.190965  0.225146 -0.040649  \n",
      "C4  -0.088739 -0.066548  0.211156  0.339473 -0.049785  0.046399 -0.053553  \n",
      "C5   0.023014 -0.035701  0.320297  0.101518 -0.037014 -0.061310  0.105097  \n",
      "C6   0.100341  0.052866  0.041674 -0.008443  0.116607  0.038168  0.018848  \n",
      "C7   0.035892 -0.131660  0.049391 -0.109819 -0.097203 -0.074547 -0.089549  \n",
      "C8  -0.082228  0.027376 -0.026634  0.006424  0.060906  0.211985 -0.079461  \n",
      "C9   0.174820  0.133064 -0.420348 -0.317807 -0.091058  0.008413 -0.115977  \n",
      "C10 -0.184460 -0.042338  0.026613 -0.005010  0.151477  0.054951  0.009644  \n",
      "C11  0.047718  0.026128  0.270322 -0.044056  0.132410 -0.094715  0.619272  \n",
      "C12  0.076450  0.186336 -0.148804 -0.173123  0.072059  0.162806  0.392573  \n",
      "C13 -0.186724  0.024806 -0.022031  0.130141 -0.076651 -0.093881 -0.170925  \n",
      "C14  0.047367 -0.093589 -0.288433 -0.300831  0.271613  0.471739 -0.095399  \n",
      "C15  1.000000  0.117522  0.042252 -0.058154  0.025093 -0.033019  0.032079  \n",
      "C16  0.117522  1.000000  0.032812 -0.095043  0.032351 -0.001225  0.033931  \n",
      "C17  0.042252  0.032812  1.000000  0.429189 -0.074833 -0.184459  0.033167  \n",
      "C18 -0.058154 -0.095043  0.429189  1.000000 -0.139726 -0.164210 -0.256272  \n",
      "C19  0.025093  0.032351 -0.074833 -0.139726  1.000000  0.349993  0.022493  \n",
      "C20 -0.033019 -0.001225 -0.184459 -0.164210  0.349993  1.000000 -0.053101  \n",
      "C21  0.032079  0.033931  0.033167 -0.256272  0.022493 -0.053101  1.000000  \n",
      "\n",
      "[21 rows x 21 columns]\n"
     ]
    }
   ],
   "source": [
    "# Display the correlation matrix\n",
    "print(\"Correlation Matrix:\")\n",
    "print(correlation_matrix)"
   ]
  },
  {
   "cell_type": "code",
   "execution_count": 5,
   "id": "83fd68be-f03a-465f-924d-8be332bd2d68",
   "metadata": {},
   "outputs": [],
   "source": [
    "# Save the correlation matrix to a CSV file if needed\n",
    "correlation_matrix.to_csv('correlation_weight_matrix_30112024.csv')"
   ]
  },
  {
   "cell_type": "code",
   "execution_count": null,
   "id": "c433fa12-4941-435b-a876-b4479f8961b7",
   "metadata": {},
   "outputs": [],
   "source": []
  }
 ],
 "metadata": {
  "kernelspec": {
   "display_name": "Python 3 (ipykernel)",
   "language": "python",
   "name": "python3"
  },
  "language_info": {
   "codemirror_mode": {
    "name": "ipython",
    "version": 3
   },
   "file_extension": ".py",
   "mimetype": "text/x-python",
   "name": "python",
   "nbconvert_exporter": "python",
   "pygments_lexer": "ipython3",
   "version": "3.9.20"
  }
 },
 "nbformat": 4,
 "nbformat_minor": 5
}
